0
0.004150390625
0.011962890625
0.020751953125
0.0322265625
0.043701171875
0.0595703125
0.072509765625
0.0791015625
0.087646484375
0.09619140625
0.10546875
0.117431640625
0.125244140625
0.1337890625
0.1416015625
0.1494140625
0.166748046875
0.18408203125
0.201416015625
0.21875
0.236083984375
0.25341796875
0.270751953125
0.2880859375
0.305419921875
0.32275390625
0.33056640625
0.33837890625
0.350341796875
0.3623046875
0.374267578125
0.3857421875
0.4033203125
0.416259765625
0.42919921875
0.44287109375
0.45654296875
0.469482421875
0.481689453125
0.49609375
0.509765625
0.517578125
0.5283203125
0.541259765625
0.552734375
0.56787109375
0.58154296875
0.595947265625
0.60888671875
0.623291015625
0.636962890625
0.64990234375
0.662109375
0.67578125
0.688720703125
0.705322265625
0.71826171875
0.731201171875
0.743408203125
0.751220703125
0.759033203125
0.766845703125
0.77734375
0.788818359375
0.79736328125
0.808837890625
0.8203125
0.8310546875
0.842529296875
0.85400390625
0.86181640625
0.873291015625
0.884765625
0.891845703125
0.89892578125
0.90966796875
0.916748046875
0.931884765625
0.943359375
0.954833984375
0.96630859375
0.977783203125
0.986328125
0.9970703125
1.0048828125
1.016357421875
1.027099609375
1.040771484375
1.051513671875
1.062255859375
1.072998046875
1.08154296875
1.089111328125
1.09765625
